1000
9
9
44
38
41
0
0
0
2
56
37
50
48
17
39
26
20
19
12
5
23
1
52
53
42
0
18
38
53
25
55
1
41
44
12
16
28
54
24
47
44
37
55
30
53
6
14
43
4
36
35
37
30
2
15
23
55
34
6
56
5
35
37
21
41
22
43
21
49
21
52
47
40
17
34
22
43
36
26
36
1
45
30
22
16
22
12
9
47
53
4
45
1
46
11
2
6
20
52
33
56
21
28
44
18
45
1
1
38
38
38
34
27
53
19
46
4
11
33
31
6
26
46
47
58
22
21
53
39
22
52
22
22
48
41
57
44
27
29
36
21
5
2
42
40
27
3
48
10
6
1
2
4
44
11
49
6
21
54
32
44
24
34
11
0
45
17
42
44
2
33
11
28
15
19
3
15
25
30
13
4
46
17
47
22
32
19
19
45
57
38
3
41
4
17
39
36
36
17
3
35
17
11
43
43
49
4
25
51
18
24
54
17
13
4
31
46
16
39
14
32
18
55
18
25
54
50
34
54
35
8
33
52
45
57
34
27
44
23
18
59
11
45
28
29
13
35
27
14
2
33
46
33
23
0
58
31
8
41
49
54
52
48
37
40
7
49
2
13
27
46
1
50
59
49
4
3
36
2
3
26
2
31
31
29
53
8
51
11
4
22
3
45
12
48
15
35
56
10
40
0
21
20
1
44
2
5
22
4
12
48
55
11
20
24
18
20
50
2
6
57
9
48
37
17
46
46
59
22
48
14
12
54
17
40
15
48
56
43
42
4
18
53
33
51
4
19
56
2
25
15
22
15
43
46
36
18
29
39
45
56
34
57
43
4
2
10
9
47
22
42
33
56
23
7
2
35
46
18
58
0
20
6
14
0
0
39
37
48
3
4
8
33
28
47
39
4
44
1
20
4
12
33
56
43
35
2
12
44
39
21
31
32
8
4
31
25
43
59
58
45
5
1
8
42
19
35
59
16
29
52
15
59
39
32
42
1
54
0
16
33
31
47
56
47
13
20
52
11
19
30
24
49
39
6
54
10
8
22
43
18
56
27
14
25
30
2
0
45
41
11
38
22
2
20
22
3
6
30
21
22
13
4
45
40
43
29
1
36
1
37
32
58
30
14
0
0
0
22
1
30
23
0
21
16
26
19
32
37
4
3
26
21
1
31
16
12
20
13
15
6
7
17
1
42
37
16
31
6
36
43
46
51
59
20
1
52
1
55
1
7
48
42
57
7
54
6
46
30
1
37
33
55
0
53
36
32
44
46
36
29
0
28
29
0
40
40
0
44
20
19
58
28
18
21
50
43
22
52
42
13
4
13
56
35
39
33
47
8
52
13
14
8
43
42
53
42
3
26
40
1
27
14
39
11
3
14
27
15
12
23
21
24
1
40
20
29
3
31
21
42
55
8
14
27
4
6
27
28
38
22
31
56
17
58
32
19
13
21
53
8
58
21
41
18
26
48
45
55
14
4
9
0
33
36
27
41
51
0
48
3
24
46
59
18
12
56
5
0
3
24
46
16
14
22
34
33
52
21
4
43
6
46
11
23
19
14
54
39
8
59
47
3
36
57
7
40
16
45
58
0
15
44
53
12
7
54
22
45
0
50
50
1
28
53
38
11
12
4
2
47
4
1
31
41
1
56
10
17
50
1
49
37
45
57
40
56
2
17
20
58
17
33
16
19
40
19
36
9
30
50
3
32
23
8
6
29
42
50
9
57
18
45
24
0
21
37
25
7
27
43
45
54
40
6
26
31
30
36
58
3
54
9
19
3
13
16
43
18
52
47
42
42
43
15
15
15
4
28
0
29
46
53
45
56
44
49
43
11
20
29
21
19
9
2
55
58
41
46
51
15
55
25
10
28
13
13
51
55
3
41
44
59
31
51
36
43
1
36
51
43
20
52
55
30
17
37
57
48
37
55
52
38
58
56
59
59
30
8
47
35
45
35
37
10
52
46
24
51
12
7
12
34
1
42
31
57
17
42
28
22
1
56
33
5
31
33
34
14
45
34
3
53
23
54
25
35
19
32
35
56
55
53
9
36
49
5
16
14
13
52
14
53
4
3
23
21
35
2
24
5
8
54
33
47
39
54
52
34
53
31
31
39
49
55
18
21
22
0
32
5
0
21
4
42
49
8
15
44
19
23
23
7
3
57
50
45
19
15
59
56
45
47
16
35
29
27
24
39
37
26
27
46
41
48
30
15
41
19
49
5
20
52
48
42
4
39
17
12
12
3
32
32
20
59
18
34
21
3
58
